1 15 3 5.000000 0.000000 3.900000 0.000000 0.000000 176.600006 202.000000 25.399994 -1 -1.000000 -1.000000
2 16 16 4.000000 0.000000 4.900000 4.000000 0.000000 214.419998 217.000000 2.580002 -1 -1.000000 -1.000000
3 16 21 8.800000 0.000000 1.000000 3.000000 7.000000 339.489990 500.000000 160.510010 -1 -1.000000 -1.000000
4 16 25 4.000000 4.000000 0.000000 0.000000 0.000000 147.320007 200.000000 52.679993 -1 -1.000000 -1.000000
5 16 26 4.000000 0.000000 0.000000 0.000000 3.000000 129.399994 200.000000 70.600006 -1 -1.000000 -1.000000
6 16 51 0.000000 3.500000 5.600000 0.000000 2.000000 138.154999 -1.000000 -1.000000 3 1134.830933 996.675903
7 16 53 0.000000 3.000000 0.000000 3.000000 0.000000 78.480003 -1.000000 -1.000000 3 996.675903 918.195923
8 19 49 0.000000 3.000000 0.000000 0.000000 0.000000 48.990002 -1.000000 -1.000000 3 918.195923 869.205933
9 20 25 0.000000 3.000000 8.000000 2.000000 0.000000 220.650009 -1.000000 -1.000000 3 869.205933 648.555908
10 20 28 0.000000 2.000000 3.000000 0.000000 0.000000 89.660004 -1.000000 -1.000000 89 345.000000 255.339996
11 20 38 0.000000 4.000000 2.000000 0.000000 0.000000 103.320000 200.000000 96.680000 -1 -1.000000 -1.000000
12 21 20 0.000000 0.000000 5.000000 0.000000 0.000000 95.000000 -1.000000 -1.000000 4 2456.000000 2361.000000
13 16 27 0.000000 0.000000 8.500000 4.000000 0.000000 200.820007 -1.000000 -1.000000 89 255.339996 54.519989
14 16 29 0.000000 3.000000 0.000000 0.000000 0.000000 48.990002 100.000000 51.009998 -1 -1.000000 -1.000000
15 16 31 0.000000 2.000000 0.000000 0.000000 4.000000 95.860001 -1.000000 -1.000000 3 1648.555664 1552.695679
16 18 53 0.000000 0.000000 2.000000 3.000000 0.000000 67.489998 100.000000 32.510002 -1 -1.000000 -1.000000
17 14 12 0.000000 0.000000 6.000000 0.000000 0.000000 114.000000 -1.000000 -1.000000 -1 -1.000000 -1.000000
